ID,President,Years in office,Year first inaugurated,Age at inauguration,State elected from,Occupation,College,Field1
1,George Washington,8,1789,57,Virginia,Planter,None,http://upload.wikimedia.org/wikipedia/commons/thumb/9/98/Gilbert_Stuart_-_George_Washington_-_Google_Art_Project.jpg/150px-Gilbert_Stuart_-_George_Washington_-_Google_Art_Project.jpg
2,John Adams,4,1797,61,Massachusetts,Lawyer,Harvard,http://upload.wikimedia.org/wikipedia/commons/thumb/1/17/Adamstrumbull.jpg/218px-Adamstrumbull.jpg
3,Thomas Jefferson,8,1801,57,Virginia,Planter; Lawyer,William and Mary,http://upload.wikimedia.org/wikipedia/commons/thumb/0/07/Official_Presidential_portrait_of_Thomas_Jefferson_%28by_Rembrandt_Peale%2C_1800%29.jpg/201px-Official_Presidential_portrait_of_Thomas_Jefferson_%28by_Rembrandt_Peale%2C_1800%29.jpg
4,James Madison,8,1809,57,Virginia,Lawyer,Princeton,http://upload.wikimedia.org/wikipedia/commons/thumb/1/1d/James_Madison.jpg/197px-James_Madison.jpg
5,James Monroe,8,1817,58,Virginia,Lawyer,William and Mary,http://upload.wikimedia.org/wikipedia/commons/thumb/9/95/James_Monroe_White_House_portrait_1819.gif/199px-James_Monroe_White_House_portrait_1819.gif#
6,John Quincy Adams,4,1825,57,Massachusetts,Lawyer,Harvard,http://upload.wikimedia.org/wikipedia/commons/thumb/2/25/John_Quincy_Adams_by_GPA_Healy%2C_1858.jpg/183px-John_Quincy_Adams_by_GPA_Healy%2C_1858.jpg#
7,Andrew Jackson,8,1829,61,Tennessee,Lawyer,None,http://upload.wikimedia.org/wikipedia/commons/thumb/4/43/Andrew_jackson_head.jpg/198px-Andrew_jackson_head.jpg
8,Martin Van Buren,4,1837,54,New York,Lawyer,None,http://upload.wikimedia.org/wikipedia/commons/thumb/a/af/Mvanburen.jpeg/179px-Mvanburen.jpeg
9,William Henry Harrison,0.8,1841,68,Ohio,Soldier,Hampden-Sydney,http://upload.wikimedia.org/wikipedia/commons/thumb/d/d3/William_Henry_Harrison_by_James_Reid_Lambdin%2C_1835.jpg/199px-William_Henry_Harrison_by_James_Reid_Lambdin%2C_1835.jpg
10,John Tyler,4,1841,51,Virginia,Lawyer,William and Mary,http://upload.wikimedia.org/wikipedia/commons/thumb/0/00/WHOportTyler.jpg/182px-WHOportTyler.jpg
11,James K. Polk,4,1845,49,Tennessee,Lawyer,U. of North Carolina,http://upload.wikimedia.org/wikipedia/commons/thumb/b/b1/James_Knox_Polk_by_GPA_Healy%2C_1858.jpg/182px-James_Knox_Polk_by_GPA_Healy%2C_1858.jpg
12,Zachary Taylor,1,1849,64,Louisiana,Soldier,None,http://upload.wikimedia.org/wikipedia/commons/thumb/6/6b/Zachary_Taylor_by_Joseph_Henry_Bush%2C_c1848.jpg/184px-Zachary_Taylor_by_Joseph_Henry_Bush%2C_c1848.jpg
13,Millard Fillmore,3,1850,50,New York,Lawyer,None,http://upload.wikimedia.org/wikipedia/commons/thumb/b/b5/Mfillmore.jpeg/149px-Mfillmore.jpeg
14,Franklin Pierce,4,1853,48,New Hampshire,Lawyer,Bowdoin,http://upload.wikimedia.org/wikipedia/commons/thumb/a/a0/Franklin_Pierce_by_GPA_Healy%2C_1858.jpg/183px-Franklin_Pierce_by_GPA_Healy%2C_1858.jpg
15,James Buchanan,4,1857,65,Pennsylvania,Lawyer,Dickinson,http://upload.wikimedia.org/wikipedia/commons/thumb/e/ec/James_Buchanan%2C_by_George_Peter_Alexander_Healy.jpg/182px-James_Buchanan%2C_by_George_Peter_Alexander_Healy.jpg
16,Abraham Lincoln,4,1861,52,Illinois,Lawyer,None,http://upload.wikimedia.org/wikipedia/commons/thumb/6/69/Alincoln.jpeg/180px-Alincoln.jpeg
17,Andrew Johnson,4,1865,56,Tennessee,Tailor,None,http://upload.wikimedia.org/wikipedia/commons/thumb/4/42/Ajohnson.jpeg/196px-Ajohnson.jpeg
18,Ulysses S. Grant,8,1869,46,Illinois,Soldier,US Military Academy,http://upload.wikimedia.org/wikipedia/commons/thumb/d/d7/Ugrant.jpeg/184px-Ugrant.jpeg
19,Rutherford B. Hayes,4,1877,54,Ohio,Lawyer,Kenyon,http://upload.wikimedia.org/wikipedia/commons/thumb/5/5c/Rhayes.jpeg/143px-Rhayes.jpeg
20,James A. Garfield,0.5,1881,49,Ohio,Lawyer,Williams,http://upload.wikimedia.org/wikipedia/commons/thumb/5/5c/Jgarfield.jpeg/193px-Jgarfield.jpeg
21,Chester A. Arthur,3,1881,50,New York,Lawyer,Union,http://upload.wikimedia.org/wikipedia/commons/thumb/5/55/Carthur.jpeg/149px-Carthur.jpeg
22,Grover Cleveland,4,1885,47,New York,Lawyer,None,http://upload.wikimedia.org/wikipedia/commons/thumb/2/28/Gcleveland.jpeg/177px-Gcleveland.jpeg
23,Benjamin Harrison,4,1889,55,Indiana,Lawyer,Miami,http://upload.wikimedia.org/wikipedia/commons/thumb/3/38/Bharrison.jpeg/159px-Bharrison.jpeg
24,Grover Cleveland,4,1893,55,New York,Lawyer,None,http://upload.wikimedia.org/wikipedia/commons/thumb/6/66/Anders_Leonard_Zorn_-_Grover_Cleveland_-_Google_Art_Project.jpg/176px-Anders_Leonard_Zorn_-_Grover_Cleveland_-_Google_Art_Project.jpg
25,William McKinley,4,1897,54,Ohio,Lawyer,Allegheny College,http://upload.wikimedia.org/wikipedia/commons/thumb/0/06/Wmckinley.jpeg/140px-Wmckinley.jpeg
26,Theodore Roosevelt,8,1901,42,New York,Author,Harvard,http://upload.wikimedia.org/wikipedia/commons/thumb/5/5f/Troosevelt.jpeg/160px-Troosevelt.jpeg
27,William Howard Taft,4,1909,51,Ohio,Lawyer,Yale,http://upload.wikimedia.org/wikipedia/commons/thumb/1/18/Whtaft.jpeg/185px-Whtaft.jpeg
28,Woodrow Wilson,8,1913,56,New Jersey,Educator,Princeton,http://upload.wikimedia.org/wikipedia/commons/thumb/8/83/Presidentwoodrowwilson.jpeg/193px-Presidentwoodrowwilson.jpeg
29,Warren G. Harding,2,1921,55,Ohio,Editor,None,http://upload.wikimedia.org/wikipedia/commons/thumb/4/47/Wharding.jpeg/151px-Wharding.jpeg
30,Calvin Coolidge,6,1923,51,Massachusetts,Lawyer,Amherst,http://upload.wikimedia.org/wikipedia/commons/thumb/6/64/Ccoolidge.jpeg/217px-Ccoolidge.jpeg
31,Herbert Hoover,4,1929,54,California,Engineer,Stanford,http://upload.wikimedia.org/wikipedia/commons/thumb/d/df/Hhoover.jpeg/190px-Hhoover.jpeg
32,Franklin Roosevelt,12,1933,51,New York,Lawyer,Harvard,http://upload.wikimedia.org/wikipedia/commons/thumb/2/29/Froosevelt.jpeg/193px-Froosevelt.jpeg
33,Harry S. Truman,8,1945,60,Missouri,Businessman,None,http://upload.wikimedia.org/wikipedia/commons/thumb/e/e6/HarryTruman.jpg/189px-HarryTruman.jpg
34,Dwight D. Eisenhower,8,1953,62,New York,Soldier,US Military Academy,http://upload.wikimedia.org/wikipedia/commons/thumb/5/50/Dwight_D._Eisenhower%2C_official_Presidential_portrait.jpg/187px-Dwight_D._Eisenhower%2C_official_Presidential_portrait.jpg
35,John F. Kennedy,3,1961,43,Massachusetts,Author,Harvard,http://upload.wikimedia.org/wikipedia/commons/thumb/2/21/John_F_Kennedy_Official_Portrait.jpg/162px-John_F_Kennedy_Official_Portrait.jpg
36,Lyndon B. Johnson,5,1963,55,Texas,Teacher,Southwest Texas State,http://upload.wikimedia.org/wikipedia/commons/thumb/8/80/Ljohnson.jpeg/202px-Ljohnson.jpeg
37,Richard M. Nixon,5,1969,56,New York,Lawyer,Whittier,http://upload.wikimedia.org/wikipedia/commons/a/a5/Richard_Nixon_-_Presidential_portrait.jpg
38,Gerald Ford,3,1974,61,Michigan,Lawyer,Michigan,http://upload.wikimedia.org/wikipedia/commons/thumb/4/4c/Gerald_R._Ford_oil_portrait.jpg/205px-Gerald_R._Ford_oil_portrait.jpg
39,Jimmy Carter,4,1977,52,Georgia,Businessman,US Naval Academy,http://upload.wikimedia.org/wikipedia/commons/thumb/6/6d/Official_presidential_portrait_of_Jimmy_Carter_%28by_Herbert_E._Abrams%2C_1982%29.jpg/204px-Official_presidential_portrait_of_Jimmy_Carter_%28by_Herbert_E._Abrams%2C_1982%29.jpg
40,Ronald Reagan,8,1981,69,California,Actor,Eureka College,http://upload.wikimedia.org/wikipedia/commons/thumb/5/5c/Ronald_W._Reagan_oil_portrait_.jpg/192px-Ronald_W._Reagan_oil_portrait_.jpg
41,George Bush,4,1989,64,Texas,Businessman,Yale,http://upload.wikimedia.org/wikipedia/commons/c/cb/George_H._W._Bush_-_Presidential_portrait.jpg
42,Bill Clinton,8,1993,46,Arkansas,Lawyer,Georgetown,http://upload.wikimedia.org/wikipedia/commons/c/c6/Bill_Clinton_-_Presidential_portrait.jpg
43,George W. Bush,8,2001,54,Texas,Businessman,Yale,http://upload.wikimedia.org/wikipedia/commons/thumb/f/f3/George_W_Bush_-_Presidential_portrait.jpg/191px-George_W_Bush_-_Presidential_portrait.jpg
44,Barack Obama,,2009,47,Illinois,Lawyer,Columbia University,http://upload.wikimedia.org/wikipedia/commons/thumb/8/8d/President_Barack_Obama.jpg/192px-President_Barack_Obama.jpg
